                       13# 0#Y 15# 5#W 1#R 3#S 2#T 4#H 12# 11# 6#G 14# 7#C 8#G 9#P 10#
13#EMBRYO19.S              99910001000100010001000100010001000100010001000100010001000
0#YIXIN18                0     999 999100010001000100010001000100010001000100010001000
15#WULIN                 0   0     672 714 895 935 994 998 999 99910001000100010001000
5#WHOSE19                0   0 327     546 791 858 981 994 999 99910001000100010001000
1#RENJUSOLVER.S          0   0 285 453     759 832 975 992 999 99910001000100010001000
3#SLOWRENJU19            0   0 104 208 240     604 897 958 999 99910001000100010001000
2#TITO14                 0   0  64 141 167 395     842 929 999 99910001000100010001000
4#HEWER18.S              0   0   5  18  24 102 157     679 999 999 9991000100010001000
12#DEEPFIRE19            0   0   1   5   7  41  70 320     999 999 999 999100010001000
11#ALPHAGOMOKU.MK19.S    0   0   0   0   0   0   0   0   0     982 999 999 999 9991000
6#GOFIVE                 0   0   0   0   0   0   0   0   0  17     997 998 999 999 999
14#PENTAZEN              0   0   0   0   0   0   0   0   0   0   2     597 999 999 999
7#CARBON17               0   0   0   0   0   0   0   0   0   0   1 402     999 999 999
8#GMOTOR11               0   0   0   0   0   0   0   0   0   0   0   0   0     592 796
9#PELA17                 0   0   0   0   0   0   0   0   0   0   0   0   0 407     728
10#ZETOR17               0   0   0   0   0   0   0   0   0   0   0   0   0 203 271    
